,0,1,2,3,4,5,6,7,8,9,10,11,12,13,14,15,16,17,18,19,20,21,22,23,24,25,26,27,28,29,30,31,32,33,34,35,36,37,38,39,40,41,42,43,44,45,46,47,48,49,50,51,52,53,54,55,56,57,58,59,60,61,62,63,64,65,66,67,68,69,70,71,72,73,74,75,76,77,78,79,80,81,82,83,84,85,86,87,88,89,90,91,92,93,94,95,96,97,98,99,100,101,102,103,104,105,106,107,108,109,110,111,112,113,114,115,116,117,118,119,120,121,122,123,124,125,126,127,128
0,1.000000000000995,0.8252933236394263,0.5915843671904305,0.27684286614327874,0.3413721980395681,0.31995807326657344,0.17555541838244676,0.2576764700073768,0.2741297657524605,0.20123280621701503,0.07837551518247689,0.07209291695663823,0.09768277419967006,0.02669721865629832,-0.09966892306697658,-0.03959876754270233,0.029306591012302992,0.0509895857722925,0.05219405224317916,-0.04326639684306294,-0.04560624131543803,0.07954190429028685,0.1314673036574583,0.21790969681506822,0.20199341251484473,0.3354815358695157,0.42107659728731567,0.34832002989741434,0.33332649305111867,0.4646544247580255,0.3885827149538579,0.31567073032186255,0.33685860047078414,0.3122901626011052,0.33343658135025234,0.4591845999535961,0.46389942746497304,0.5773432997523932,0.7215106464823233,0.6355364680095026,0.5296970795107574,0.4290059485666736,0.1727519737255363,0.05940536315370425,-0.18760959423747708,-0.28880980723095445,-0.30271574389579875,-0.3464873093778029,-0.36269152734737,-0.4014200155572042,-0.2521994674653554,-0.06201102766622003,0.11986528386595065,0.3420127892587913,0.4052745242428336,0.2554757843360639,0.15431456555754033,-0.03782051177665088,-0.2412029109146698,-0.38597354383928867,-0.46959646109231973,-0.3505545052498845,-0.23832795872538842,-0.06878711945473014,-0.19257598360401346,-0.2683879218656471,-0.3123176295233081,-0.28952382451398484,-0.4156566786417083,-0.30291375046626606,-0.2758635416603205,-0.31087443410079735,-0.32740229317787745,-0.14817898787037231,-0.1486082545335498,-0.1310782699386621,-0.040236900076694844,-0.08100287064360197,-0.15642871902073716,-0.09221505625851743,-0.023049702708138085,-0.0006449654217264687,0.007347088130275537,0.10843859699841897,0.11133373259378829,0.11200080998727756,0.37296400245878,0.3735183821769339,0.31812494300120564,0.22124555534661164,0.2027839456146412,0.20757716001833912,0.08842633343278099,-0.043572039323926115,-0.01639692005335774,-0.012546844519908625,-0.1301975609637537,-0.1840669698919309,-0.1406673208207172,-0.1627540397449132,-0.2475046886615874,-0.3098439931941203,0.05187688225071454,0.12522583043302124,0.0325736596993024,-0.02253512382603499,-0.05319440866693112,-0.005556968790700952,0.030957465853689713,0.06883966155783443,0.11376991420262958,0.11394562035022096,0.1420257719524688,0.1742886210373428,0.16660256809543922,0.14957825541867628,0.06242089916881336,-0.01903890217748487,0.050390516678318495,-0.21416138742953147,-0.14078236466081376,-0.08160197200222474,-0.21007152706696966,-0.20459540545700658,-0.08170655814728535,-0.08392780887906731,-0.14839186872981483,-0.13786503154212454,-0.08802584942439357
1,0.8252933236394263,1.0000000000007656,0.8117911096857426,0.5585280286756972,0.5792741230955748,0.5415973646883038,0.4331185209569721,0.5111497416650588,0.4781507009453529,0.40428160690366743,0.2736714211041689,0.22467366954099718,0.24537242592950054,0.16316445877002522,-0.005149084388102018,0.04150375726018711,0.11006132726166566,0.08532177462204919,0.11452261088725918,0.012973693542905281,0.0277410928024467,0.1504503260490535,0.210434056028875,0.1530170816811498,0.16096350639624432,0.31118245985737175,0.47891204090493694,0.47954410140089704,0.4149235162263514,0.5750425887266697,0.6003807204005766,0.5372140986078509,0.554800935689666,0.5165140484372178,0.4854136705648069,0.6074665485797295,0.6518079704743746,0.7803155002476997,0.8019936921427118,0.7129406434667981,0.48143760546063846,0.4517029479027703,0.16137830189523916,0.07306961061889945,-0.22256552236092866,-0.3090302944854884,-0.34582638765147056,-0.387011758395646,-0.42670436001494616,-0.41769112786716345,-0.2320254223388545,-0.002487759316780288,0.17982214396749033,0.4147307346963509,0.5291220820775462,0.4047071197908904,0.2640484366480207,0.09023140414675851,-0.16105727311663115,-0.3067174324908683,-0.4074878076729353,-0.30571943814001745,-0.15588981943199,-0.0020129566275790267,-0.17594263787317152,-0.2853062788536657,-0.3635673813813634,-0.3247516201740813,-0.4438444848961426,-0.3627075561869352,-0.3633191926912525,-0.38421362842465173,-0.3766302388633281,-0.18923034200578398,-0.15064584706856096,-0.13756982274770602,-0.07446938227023343,-0.10148790786138734,-0.2074774726706089,-0.15854385387560546,-0.10715329515276718,-0.04815731284157255,0.0030272096215071724,0.07681607166191885,0.08655669356763078,0.08312525342570569,0.42676784694024017,0.509210818074931,0.41755908418058146,0.26880426703316,0.3068450794789005,0.34495893885031537,0.20418783657269107,0.048180515857130284,0.1214190550754068,0.1437477419784868,-0.011353850579642605,-0.06734447718117904,0.01514834498456272,-0.012593987218121291,-0.1509362549822917,-0.22337507639985743,0.11026098360699468,0.05150045972229134,-0.06184539080927288,-0.10331827825201573,-0.14916659973212426,-0.06353673078033216,0.05565739776189803,0.10909640568300058,0.1123994791880054,0.11822733600196446,0.19034124082347986,0.22441870753332677,0.14505967877882164,0.10224655265576924,0.004101247998319925,-0.05914885148891136,-0.010977808781876248,-0.39332709116431186,-0.29198745355153055,-0.20562429382670228,-0.3914515838372317,-0.37814662625848344,-0.1963242732793165,-0.22011130990496555,-0.3111026579301286,-0.275536112798408,-0.1991222699534552
2,0.5915843671904305,0.8117911096857426,1.0000000000004408,0.8325808287705702,0.7787710864600599,0.7194141260587389,0.6842890501312597,0.7166502701256214,0.5829452823007576,0.5447896426996146,0.450126225194903,0.286513275510628,0.2903350900310771,0.23886050891005858,0.020259173971971536,-0.0077917850783001605,0.05123540649040685,0.029234216966316517,0.07365554276008912,-0.020411156993899605,0.008564205958323448,0.0883365412502914,0.148176869531153,0.0435863341611674,0.0485003586888889,0.21848378985794417,0.4270392607261831,0.419514563597615,0.33049298813974776,0.5515506116032538,0.6163740533019817,0.5157228719346494,0.5268324276430051,0.47238837525611466,0.3995075527351028,0.49935789737891473,0.5650798030461301,0.7334187038900674,0.6848635243753666,0.6273972156367414,0.39141031491509265,0.345404557772153,0.10764040263868178,0.03351564826407472,-0.2156035382188604,-0.29135627020670596,-0.3119224090690624,-0.3356256982742968,-0.38515051447160104,-0.3935028859277898,-0.2379617714158166,-0.06466773991406789,0.09474513780785937,0.3011819274977687,0.43488047996349655,0.3321945234925065,0.1872133291454096,0.05269751968295058,-0.1787650328102425,-0.2879867801275227,-0.3609736434308469,-0.30727957136983763,-0.1375386945124701,-0.042311385949668885,-0.21422953919504006,-0.24022106029462717,-0.33967930905117893,-0.3199061338813232,-0.44360705054376376,-0.41470160949126406,-0.4522708896995728,-0.4960029833488954,-0.4831668482182966,-0.27398647485540245,-0.19895807803101442,-0.13678926272090355,-0.1121802630210519,-0.1772401591369629,-0.2259488603520376,-0.15462540619654702,-0.07734060703252146,0.005286408960919486,0.07305741473188744,0.13333181623239232,0.17328051859787572,0.12777961894132855,0.36477623466335146,0.4789275020179795,0.41325882288518845,0.2358113437606744,0.2498575805269537,0.29341666902981023,0.1652217564900168,0.0024394415686962235,0.07236274735389943,0.11704755450063835,-0.03702313506444436,-0.10114787518455635,-0.007554918541258904,-0.016417334436987216,-0.1647795559318274,-0.2417657226823219,0.09120482636938133,-0.04083229885783319,-0.08310318096758339,-0.156841883934154,-0.20613717204475607,-0.07552680120891396,0.0669760642670257,0.1281532751596288,0.09511945252244597,0.10367565462266212,0.20957341171856325,0.2245469269853304,0.11740753802149682,0.06914438281263662,-0.003104843909465285,-0.01590668399906728,0.08148603900592342,-0.41301794435317585,-0.2648098987761367,-0.14514980939524688,-0.3848872664766394,-0.3770009904475697,-0.14551090120873356,-0.18074368592719306,-0.29321867597240325,-0.24086915200248993,-0.15816229866891976
3,0.27684286614327874,0.5585280286756972,0.8325808287705702,1.0,0.8892482096780215,0.8249010838181006,0.8356293547916077,0.8015977932470307,0.638552590998638,0.6347431760986758,0.5414185939574482,0.32029627407003886,0.33539702163482876,0.3059685961491165,0.0756952363261053,-0.0048866893302772305,0.051749763264727223,0.025095520968302986,0.0733928489770827,-0.010382454324079155,0.04677373901594469,0.05625698144608076,0.0971460975968196,-0.05940823895479608,-0.06266751006865114,0.09668065293495792,0.3384122271815541,0.35410368930012043,0.2257444492541958,0.458977292408836,0.6004419880669007,0.5008625317026917,0.49643441720098525,0.4459424013178321,0.3281241074429472,0.3825496091915079,0.46342164806828745,0.6170626142917306,0.4808406122361053,0.4613920023371986,0.2351294480255586,0.20121050190160408,0.02452970950239873,-0.01434951152555124,-0.20228122209068589,-0.23321559112178783,-0.2539170167260579,-0.25979954254313425,-0.31402877493837156,-0.3023683667164712,-0.1936664037202124,-0.06239110686190381,0.04139067592192952,0.18969297620013914,0.31326180574923473,0.2772369839536163,0.14366557955873216,0.08039139053361723,-0.10629894821276502,-0.17724960798579822,-0.2260983854929464,-0.21344374463087534,-0.07289219929644364,-0.06265308657244294,-0.1863137567324026,-0.2030672911831709,-0.295911264880316,-0.27802412839476776,-0.36093856344727704,-0.3808516936673702,-0.4337841589373483,-0.46171225536010646,-0.44406513819094484,-0.26712799137642607,-0.18288874239616063,-0.1101176989400965,-0.13889290385497532,-0.18998953886190093,-0.21096482122894294,-0.1414158126082068,-0.07310125502056293,0.021779512361445173,0.11540234700107575,0.13136287374157496,0.17016112943235975,0.14179515412733124,0.23429651974141932,0.3774891840190449,0.33475583394274894,0.1689253006418104,0.19761442399914947,0.250960456718074,0.15345730683506598,0.01692254695293613,0.09611949807379658,0.14967441058851344,0.01951043304316644,-0.03265115779594796,0.06526283488086514,0.06502665223857464,-0.06408596736011091,-0.13262554747202532,0.11678153683242802,-0.09223839382009413,-0.10462014664960724,-0.16291448049731036,-0.20131549414316682,-0.06791679536057951,0.08791260594105589,0.130427051730678,0.07905685030379178,0.09089985722682832,0.1992355043183023,0.18825511049173008,0.06253129131500527,0.024734022658840032,-0.03468853213472434,-0.02479128061327878,0.07206740001059687,-0.42051879397572006,-0.2701933277547427,-0.1438002064403677,-0.38222699778516045,-0.37738768827340796,-0.14331693334912485,-0.18692494297069023,-0.299133583192442,-0.24402218221755748,-0.16484533405910612
4,0.3413721980395681,0.5792741230955748,0.7787710864600599,0.8892482096780215,1.0000000000002767,0.9148762807489806,0.8113821947850329,0.8483222544752964,0.7677657285815701,0.6957952310654596,0.5439393998961315,0.4300400723509868,0.4500563930054202,0.3487674000882522,0.11280206067202271,0.09176596143360877,0.1388368157864516,0.089522251635841,0.15583279938265698,0.07978079048033625,0.14763580835317694,0.15966462606723564,0.18108502786151362,-0.07225870270421522,-0.04889626851814412,0.10067024076184447,0.340844123286453,0.4189693642525605,0.28918117512371155,0.4791063098322713,0.635625081890011,0.5833886710094477,0.5699664763132609,0.5319760934804735,0.42296628273142567,0.4598548415121688,0.5299939539446957,0.6701089795701293,0.5208763671231045,0.47987523608277605,0.22435761564419252,0.24525296272612657,0.04787234766185624,0.05993392913740479,-0.1513157809996837,-0.1679864978465458,-0.20200879902048813,-0.20622075414272087,-0.2675217258289352,-0.24040879412263763,-0.1331515922378512,0.024512116227716076,0.11266847675409866,0.2615027571334486,0.38947164685062,0.37135964139778826,0.23624475675752465,0.15883457246486576,-0.027763164123875916,-0.12453548646890779,-0.18477330925930913,-0.14542313714594127,-0.0012889278137008552,0.00035072926906415625,-0.15479298001022324,-0.2251310389383372,-0.3167997521475256,-0.30746368344806524,-0.3499901439361492,-0.3460022745638105,-0.3663258552947103,-0.3840837270120979,-0.3824587417973663,-0.17442247761942056,-0.11123578613921792,-0.04795428956748461,-0.07698751485830617,-0.1436499781442591,-0.20401567151270156,-0.13380559304129125,-0.09495338900154007,0.017803258850025667,0.1386475109636335,0.12932177074566312,0.1539290750536728,0.14524160164197938,0.25739453377961036,0.42869941600623335,0.38255606583664237,0.2331472946483586,0.2855913425487065,0.3360780468662165,0.22763472723594042,0.10005996114965501,0.1986839879557141,0.24498242803652842,0.09921925366596732,0.057156114793278666,0.16424333361732824,0.13822883874058536,0.001231518419975927,-0.06513423288397684,0.14151729971687446,-0.03891978084075367,-0.18864706544038518,-0.20011468898830423,-0.23349336506074528,-0.11591876643458063,0.08574874134482517,0.12763364479420716,0.05207956842389482,0.0763140756862293,0.20423141445638673,0.1881445321620743,0.027439761303933212,-0.01718600874523721,-0.08453820826443985,-0.09791313126363742,-0.07283818286442928,-0.5223971294306002,-0.3940531594029732,-0.2832460398985339,-0.4964117652877428,-0.4857853527675521,-0.2727606636645806,-0.31128060589829065,-0.4112850146097298,-0.35768239811012253,-0.27508919075153837
5,0.31995807326657344,0.5415973646883038,0.7194141260587389,0.8249010838181006,0.9148762807489806,1.0000000000002034,0.8936157432284988,0.8700491390214841,0.8540942319485326,0.8302939259591035,0.6246723408063082,0.48407541123497044,0.5717286202879527,0.4798664328223411,0.20817597853397068,0.18109097704587168,0.22869466638705022,0.16090167606692365,0.24450283649183052,0.10705753485535281,0.15662772369333777,0.1968876415063713,0.17736516978494515,-0.11103723742731479,-0.10327946517253737,0.051278414437484356,0.3227516573155761,0.39238278127992604,0.23788495358483322,0.44663706265532294,0.6180193799712982,0.5538589433191282,0.5432034679780031,0.5181892102138462,0.38953339470881687,0.41430248058484026,0.4974446633793603,0.629393976473886,0.4633619834212234,0.44988203349343914,0.14639296906201654,0.16687124743407336,-0.026805467845397172,-0.009733907104378721,-0.20874999183921214,-0.19948424227846862,-0.2354345964121304,-0.23801554380576687,-0.305173467662357,-0.2758729525242665,-0.20382862503888863,-0.03364678822964979,0.04856310672588136,0.20370170755503914,0.33101459775559033,0.3561544464337951,0.19352100752778598,0.1483109456516686,-0.03060118500083104,-0.1070090800347562,-0.15569176360090298,-0.07386019595314015,0.057684216798988504,0.049037957006164756,-0.09790257072073305,-0.23810451672411173,-0.32080130642760646,-0.31280573581251875,-0.34999051890988375,-0.32581670657251466,-0.3053245502194175,-0.291816779799241,-0.3166433445691981,-0.17728373447013807,-0.14212863297998352,-0.08706448524040297,-0.10627236800885778,-0.16606981598535633,-0.22886929858218824,-0.16590633658868756,-0.11510517652157991,0.0170537890955078,0.14983216950261047,0.1381637100441458,0.16974679646578592,0.14621100020786384,0.24429394731102866,0.43467486961047624,0.38498482879692253,0.23760718503000136,0.29363654033631487,0.35787286493999004,0.2498381812057701,0.1211389450890267,0.22521216446706807,0.2730862991541828,0.10996333958897392,0.0678485400496297,0.19014779064062093,0.14825773106098256,-0.005823911007165518,-0.05904268039267388,0.1118382294527326,-0.07615162718668816,-0.19242299875014032,-0.16676551846017754,-0.20741239859921334,-0.10068810560034365,0.1305597112751295,0.1752170494257902,0.09360156678175385,0.13248906227769403,0.26293170517518744,0.22686415761246834,0.043126345842809326,0.012498214902048017,-0.0754573204403095,-0.1242696543002717,-0.12506589488952866,-0.5371079053579068,-0.4203024073041144,-0.3124638291333955,-0.5127617862708869,-0.500779342912787,-0.29949601247285235,-0.3369017723775786,-0.4359637733977134,-0.3849682487723574,-0.31341552180634946
6,0.17555541838244676,0.4331185209569721,0.6842890501312597,0.8356293547916077,0.8113821947850329,0.8936157432284988,0.9999999999999171,0.8972063821738107,0.7562261831144698,0.848687509041167,0.7670652152412333,0.4673196241365302,0.5301923406112126,0.5639716811840865,0.3041078681400235,0.1703924863431061,0.17984690265122713,0.0925883811504964,0.17500181330277892,0.017490479041614354,0.08433013077454858,0.10016971592258175,0.07406529377676649,-0.15148097377173744,-0.1734780238961638,-0.0034460810583798397,0.26666315363148246,0.28223425927885676,0.1311320729943959,0.37433943021190513,0.5395405734353296,0.44026155765363906,0.4284180456865501,0.40039144180022646,0.27278221306681955,0.30254603127897384,0.38768628773143365,0.5227896507759383,0.3654823712532194,0.3657201015205959,0.1102286743784115,0.10094580361600544,-0.053802229031422434,-0.051073650633929664,-0.1993922028419572,-0.2031146746226244,-0.23216479563123582,-0.2435919145954032,-0.3163926672387022,-0.2908164095728886,-0.22743580131786756,-0.09473106963644008,-0.018967343797161428,0.10566298320442842,0.22507202920485359,0.24140814517719608,0.08956188589870395,0.057665592229190106,-0.09196566018749232,-0.12351438200057893,-0.15686713104021785,-0.11609631958376816,-0.009392622649752068,-0.02599026876515284,-0.09845065452736357,-0.22355124880838737,-0.3008616595090857,-0.27267530720044414,-0.3269461294305285,-0.3384096514751991,-0.345401453699724,-0.3257898836923978,-0.3454248820973025,-0.24029450476600273,-0.2146601889845315,-0.15703760472614692,-0.19291166520194167,-0.23807934494961228,-0.2692183955981309,-0.22392290629535325,-0.1358080401067402,-0.026983622611871604,0.08730900358602751,0.10073405599503958,0.1450152936292678,0.11961711018386066,0.19445173269224036,0.3462953470746151,0.29177031338458,0.14630035496692792,0.18325037534446803,0.24564891503934178,0.14823489354966385,0.0254354608696995,0.1239063472398624,0.17495712829626445,0.027874339525657554,-0.0020016597367524393,0.11783134469440636,0.07722671014517601,-0.051979389283158935,-0.0873061164227537,0.050656505686047744,-0.1315983873644285,-0.15304522009184165,-0.14920082167799056,-0.17532722451966193,-0.06289015570234938,0.1447435280472888,0.17522102548436944,0.09801876689685987,0.13558956655581214,0.2518231998324637,0.2056775050614309,0.03786474653386963,0.0194323683867961,-0.05046534824548772,-0.08235311742335796,-0.01621077877123299,-0.43566243552211376,-0.2998139771535887,-0.17616499706352406,-0.3859269614304911,-0.3805250392122013,-0.17174690837344028,-0.21275578206455983,-0.3161709454855781,-0.2666312814977677,-0.2059183527716991
7,0.2576764700073768,0.5111497416650588,0.7166502701256214,0.8015977932470307,0.8483222544752964,0.8700491390214841,0.8972063821738107,1.0000000000010834,0.877717076971026,0.8386114603054796,0.7733113122360555,0.649241129537864,0.6267399625534477,0.5597044517909852,0.34262615157521364,0.27716114990234975,0.28800780029199713,0.16018302717154892,0.22909106924380263,0.12279923125481201,0.20211225762046595,0.2105074083228348,0.2038689124376926,-0.09404144778741137,-0.05871989014132229,0.08753398208300357,0.3210948292971506,0.4212879381233272,0.2933512081769381,0.45563874179871683,0.6093914554756559,0.5762071568705787,0.5609411349749821,0.5309223468906874,0.42873673665859763,0.44594739534934186,0.5113805157731941,0.6445075770288164,0.4778821248645528,0.46759295904093345,0.18177340915212786,0.21981373151299793,0.03871575582357514,0.08188915709794901,-0.10649761316931672,-0.10998211874450894,-0.15670634243128118,-0.1600157721371165,-0.24000610687701684,-0.19199447818343598,-0.09731215928403768,0.07197977050189118,0.14263701155523748,0.2763682557882151,0.41415081487547606,0.4031817708872064,0.25901671136408644,0.19142819954441376,0.025525618062255208,-0.04731922471621049,-0.11976089017210649,-0.0768744582276357,0.05140389312686255,0.03569039904710914,-0.10393019350677045,-0.22920638738919347,-0.32276825184942054,-0.2934102435800659,-0.30316605871649144,-0.3006646459708145,-0.3045294885573024,-0.29706325448898974,-0.31759830450854537,-0.1475351885416522,-0.11128106953968848,-0.08317763570236296,-0.12480729719034664,-0.18454011435274445,-0.26118177215728333,-0.2163660719822074,-0.18021467626198645,-0.05453412673869815,0.09129014170330545,0.07561751513430892,0.10695665843204254,0.0956043980715839,0.25821444428974977,0.4527806608786034,0.3849154546238573,0.2560568320476514,0.3203752666315925,0.3801709743833926,0.2669472225478753,0.15356711705677115,0.2591549167339943,0.3026071103304322,0.15732745179831292,0.12982939167715785,0.24247419083428426,0.19719523728694333,0.06613091491413664,0.005412098448642336,0.14126445506954513,-0.034092613308358916,-0.24293130038091157,-0.19671672709726512,-0.22519492715592662,-0.1168076906691918,0.12011510252358422,0.1548810856769942,0.06867799792207196,0.11188654678007855,0.25001402844612003,0.21304099657864248,0.02022185112945692,-0.012740599526565711,-0.09175213917819158,-0.126727415149941,-0.1645948946033358,-0.5753604953408011,-0.46981581752888424,-0.36332157402808973,-0.556767549929229,-0.55015169010932,-0.3518341239376372,-0.38674959383539004,-0.482315626278008,-0.4347747354228776,-0.3633812830253232
8,0.2741297657524605,0.4781507009453529,0.5829452823007576,0.638552590998638,0.7677657285815701,0.8540942319485326,0.7562261831144698,0.877717076971026,1.0000000000003666,0.8911705322186471,0.6890066825851093,0.7450946245929897,0.7885521544080628,0.6257082515807966,0.39959601371467357,0.4280838503503013,0.4534308872037431,0.3120423152643691,0.38087867189552543,0.2591932620204554,0.30613691792062037,0.3407105985027158,0.27158712830702875,-0.1252257801206297,-0.06149512261679191,0.06553921077728393,0.2942360031445637,0.4574095304238405,0.32131522727824147,0.43412296684465157,0.599286015274447,0.6056593258112459,0.5908406707525529,0.5815342429155022,0.4810253642289293,0.4658110442390827,0.5149172262797131,0.6124731479992056,0.4319048357356472,0.4328754528651162,0.1127436361849543,0.1905450693751212,0.014011349170059957,0.09947741256195806,-0.09747305311635372,-0.055487177631269126,-0.11385936168321412,-0.11602842381972714,-0.20083401196348552,-0.1350873038694655,-0.0645149043482287,0.12825467509146146,0.17269251509085312,0.3013168200623711,0.43584085274344786,0.4741192379835528,0.32179799655534014,0.273338484977329,0.11065901065128717,0.031056743268941086,-0.038279825368604005,0.055532701054052426,0.17469610015852943,0.1454104467616457,-0.01797214538946294,-0.22503590628674092,-0.30901873327626944,-0.2947578377712398,-0.2562291543767466,-0.22124988937870033,-0.16453544451351876,-0.12364455659586095,-0.1681886704338446,-0.035604126622795766,-0.03234602723665949,-0.02619993824379502,-0.06324644875292731,-0.11618612574448998,-0.22355501383668247,-0.17469090118745623,-0.1811681799010865,-0.028309770286909678,0.14465115273445134,0.09839543951935782,0.10770427249308556,0.08255785456287994,0.24468139940217148,0.485792197273401,0.42155235592088597,0.32331898848594354,0.41226684387894325,0.4784653273341064,0.3645844382749818,0.26657030436603363,0.3813757928116653,0.41205369158865457,0.25283196323394214,0.23121359132147853,0.34834762642662076,0.2778063942737828,0.1328113335252053,0.08586197838126217,0.1466403916631048,-0.014371330655810982,-0.3130878343847861,-0.19535821945102,-0.22304045889159585,-0.14235051478511868,0.14152399690421746,0.18484687677995376,0.075777328324357,0.13887092541101342,0.2906407546153748,0.23039166760027716,-0.0006798804564806483,-0.027670376567819704,-0.13711691832181622,-0.21473386290117702,-0.3467319084463045,-0.6597694420651625,-0.5991037062102026,-0.5142076819661563,-0.6560523478489085,-0.6470384383328112,-0.49329955174952794,-0.5206720255215148,-0.5933232790843445,-0.5507210780217601,-0.48549479352065195
9,0.20123280621701503,0.40428160690366743,0.5447896426996146,0.6347431760986758,0.6957952310654596,0.8302939259591035,0.848687509041167,0.8386114603054796,0.8911705322186471,1.0000000000000318,0.8570615831099819,0.7143584816467548,0.8265124272030759,0.8050850558561196,0.5462979887231227,0.47123722100875154,0.4456558725519521,0.2785974057316238,0.3688057154117949,0.17091061312812472,0.21068831043238037,0.2660211138905711,0.1693727046009126,-0.16020201633703524,-0.15067529082169043,0.014231059588133178,0.26699597654160634,0.34636720439281504,0.19630300424944108,0.366699215816784,0.522255207220376,0.4760357495540132,0.4633189891071524,0.45337245993095565,0.33339611021429105,0.3255788742927338,0.39441315472921157,0.5070287873518919,0.3387461491103633,0.34421723588974673,0.04762245025956092,0.07910102502450024,-0.07338193177143178,-0.018554259632363124,-0.17359755606274163,-0.13381091040576137,-0.18137467219721623,-0.19787635930977215,-0.28093970656339823,-0.2347704205305531,-0.194586931555918,-0.024819339738924282,0.01564093899386718,0.1454390296847255,0.28098132280652577,0.3349369688232773,0.16727842919790414,0.13825447313085135,-0.005285843490529028,-0.049058590689558666,-0.08106347318767505,0.02998098435474556,0.12230547958796655,0.08321347413924242,-0.01832475907372686,-0.25758512021014024,-0.3217108432398122,-0.30674533128698694,-0.29964003766824376,-0.2649705418671092,-0.19461244281664272,-0.13261413579014056,-0.19354079227587512,-0.1299363261946227,-0.1493942612923222,-0.12865383698338415,-0.16418645343342914,-0.19817982168219742,-0.262935213085672,-0.21787885770795884,-0.16623250631350522,-0.02677449274006487,0.11858002753702372,0.10649379019201631,0.1286202101612856,0.09758747491097787,0.21045128588810239,0.4090367182907795,0.34234720978070315,0.23005769755799846,0.301009679716222,0.3723501220856966,0.26229977110924363,0.15188931357610688,0.26271264228588986,0.30457839044387053,0.13587970731867077,0.11216942699992782,0.24180701505505728,0.16599526012453186,0.022686486888397937,0.0010312844475029812,0.052393830226789985,-0.10245556841960186,-0.23626227704351102,-0.13896750197355925,-0.15813369742026714,-0.07294310959711339,0.1990888087305017,0.234056546192826,0.13121546711083246,0.19907211279454642,0.3287263740791106,0.24831074796395547,0.03767186810528696,0.030517028282501274,-0.07669398619567841,-0.1751708837524449,-0.23796700964653708,-0.5475698429507866,-0.4709777342591621,-0.37190243865096945,-0.5245435258550434,-0.5200019449665552,-0.3602864716625383,-0.3901891202046865,-0.47004275079946456,-0.4305960503618336,-0.38260015102535644
10,0.07837551518247689,0.2736714211041689,0.450126225194903,0.5414185939574482,0.5439393998961315,0.6246723408063082,0.7670652152412333,0.7733113122360555,0.6890066825851093,0.8570615831099819,0.9999999999979146,0.7739092293212009,0.7364339785911552,0.8437672497016393,0.7020691663574485,0.5208252796385207,0.42709153467105193,0.18209681388561097,0.24545100463403222,0.06495105597651839,0.14478062702377084,0.16477545438073635,0.0877651808751902,-0.09833734178546773,-0.09260185159420305,0.057122400651377435,0.22312732992568074,0.2560348749959562,0.16228424449173146,0.28404085861834133,0.36688087618394855,0.3267014484164285,0.31644010182709986,0.29499077241197563,0.20784854904595318,0.1982468492314434,0.256726920977668,0.362086933809165,0.2252638692528426,0.23859399285911856,0.024594976412997783,0.04634543096908451,-0.05506452901282095,-0.00035973582274763475,-0.09186157678835033,-0.07294242886491312,-0.11196254766245502,-0.13115084967863394,-0.21130879379794099,-0.17071268656631725,-0.13373868739687986,-0.026053133141868197,0.0035174021913404554,0.09490633920932308,0.20522658819988976,0.216346316088522,0.08658027373648763,0.05148858825384985,-0.03460009731187739,-0.03731217631001479,-0.0703794519212282,-0.013161835092358227,0.05742378533794108,0.01765318849895888,-0.04332029387643312,-0.20239004556041137,-0.25356211645988064,-0.22634616884426276,-0.21878590369608722,-0.20848073872005515,-0.18210751769119612,-0.14224136435539309,-0.19066857130739032,-0.14500370205405277,-0.16775096774772472,-0.16925100994563097,-0.20302119622479575,-0.23725378710543588,-0.26638902788918,-0.23889660613341362,-0.1849479975089828,-0.0896012443776937,0.02168269573235668,0.03421640967728013,0.0661239259863434,0.03181904318820883,0.16602087420002162,0.29591662489112713,0.2318114585553205,0.15001403031519395,0.20490684517947078,0.25368303534868886,0.16021658398235952,0.0800659008658444,0.16114694813867503,0.19672193808312302,0.0742150718559641,0.06709637952864637,0.16580539614612413,0.10075062432406307,0.010635222027388537,-0.0003169430739243116,0.01779422077933409,-0.07862235415207174,-0.18259685837504422,-0.09993497639630383,-0.08866980729729788,-0.021169186529074267,0.19441593019322392,0.2003884550137876,0.11824692716847862,0.1853527134896579,0.2844673350397029,0.20491757425059356,0.04868311230379049,0.04945167691017796,-0.022643819976869085,-0.10709081843866837,-0.1597349253501368,-0.42934677859214454,-0.36688761804866865,-0.2700080169818934,-0.4016857787709715,-0.4094752842834231,-0.26853868757594607,-0.28834307438332346,-0.3608925491128081,-0.33568250299759816,-0.2965386568109078
11,0.07209291695663823,0.22467366954099718,0.286513275510628,0.32029627407003886,0.4300400723509868,0.48407541123497044,0.4673196241365302,0.649241129537864,0.7450946245929897,0.7143584816467548,0.7739092293212009,0.9999999999963689,0.879989410236139,0.7647497366073044,0.7260551299586229,0.7310060960418152,0.6682079726376486,0.3759129187871442,0.4109286330488305,0.3068822741701641,0.36313308755172374,0.36037108314754235,0.2577773974075412,-0.08239440888934996,0.024191145140867638,0.0881526117163053,0.17060209611418659,0.3710365715407999,0.3063992137224911,0.2559668972941197,0.3492755706986852,0.4425692305683801,0.42234872064750995,0.41417303199847394,0.3680662312203184,0.31087486854947055,0.3285708117093366,0.36896324583413015,0.2168675693388957,0.23389107744054777,0.0034579478308803934,0.12133665796529744,0.036428928211657496,0.15912713749805676,0.06614085227037088,0.13772086196699337,0.07651477217887727,0.07251715770704492,-0.018140495436106945,0.06343715381852907,0.0906229626293883,0.2197700381451934,0.20947152235677846,0.2789204078253723,0.37370987206903145,0.41581448704059853,0.31074036999951143,0.28186247340479315,0.2175603769157072,0.17812883867080676,0.12507517752946903,0.2041320237468017,0.2699449446059956,0.19702770691770982,0.07047428794299697,-0.1435329668268783,-0.19650482739346722,-0.1907929689934768,-0.0741876891506758,-0.036582451542674685,0.0443554421798406,0.10080329439999328,0.05071595609333965,0.10875655779618858,0.07580151516335575,0.02807532658149424,-0.012858385369274966,-0.06155395961317765,-0.16757802230194854,-0.16439081297779887,-0.22681711499783463,-0.10685212023727159,0.04591527608189985,-0.012207206473769841,-0.01746035484498741,-0.03714039104682808,0.1491859805610466,0.3565533131781568,0.29960901731195066,0.2906070624961965,0.3995616412807168,0.4430310398947912,0.3602295030795195,0.3342026355569422,0.4211371650843172,0.42734428432730776,0.3258508736482911,0.33952887680333166,0.41517594466280927,0.3348063944088738,0.2521721823571719,0.23676815182256716,0.12703219983849035,0.03774090873107885,-0.33100523320561615,-0.1418442963373579,-0.1330051894469458,-0.12226194332117298,0.12972782329563398,0.13388461725612294,0.028564783331438585,0.11961108531356848,0.2433740293686929,0.1622980356188874,-0.035320877461743304,-0.041578079164709736,-0.10300481365624962,-0.20434860715384182,-0.4749360077181546,-0.6003064691387207,-0.6295910901701008,-0.5836373255986189,-0.6237195085683225,-0.6291888426554991,-0.5659243204671297,-0.5674189706976077,-0.5952145169427742,-0.5834167857769194,-0.5441481157717467
12,0.09768277419967006,0.24537242592950054,0.2903350900310771,0.33539702163482876,0.4500563930054202,0.5717286202879527,0.5301923406112126,0.6267399625534477,0.7885521544080628,0.8265124272030759,0.7364339785911552,0.879989410236139,0.9999999999985646,0.8684636558548647,0.7190175425764721,0.7485596398955158,0.6974603597417682,0.4432929092724455,0.516097873664028,0.34555715109224244,0.338499758129852,0.39664216103543715,0.26012650094794726,-0.16528978008904863,-0.09333444862169318,-0.0021827443403587684,0.16364301455903324,0.3471927455234026,0.22994138015917454,0.25793099202621983,0.40628416619516733,0.4584006654295842,0.43382654851678504,0.43592496266956904,0.3585454414442948,0.3122733916111099,0.34081330468058624,0.38625436696627813,0.2264980511482785,0.2498787241777361,-0.028539629740025278,0.07002751900474233,-0.023777997021366005,0.0861900697498818,-0.04055757451460969,0.0426393249842532,-0.021782179944091217,-0.036897234343092875,-0.1247895648896062,-0.04900739395338606,-0.02897370141654257,0.13873845039053084,0.12493462614952223,0.21271995274865263,0.3248485123400231,0.4239550981595526,0.2882289444274587,0.2885541181338793,0.1903298775539268,0.13586688891688126,0.109788272695437,0.24899566370754117,0.31439486659797516,0.23505075414734014,0.10690992699062443,-0.19877081238035776,-0.25255078861209257,-0.2569680539520196,-0.15850695500984513,-0.10123947464707696,0.025542194880149444,0.11613303407645842,0.04890667953682289,0.06128122341875387,0.021437299754342647,-0.00258755902680484,-0.04578663871427274,-0.08025615866154177,-0.17980079574290736,-0.16150331526433012,-0.19389448568811754,-0.050097509187694116,0.11834362954784036,0.053190189432266596,0.040938935380142025,0.014657945219722643,0.16342690017373437,0.40336770014549095,0.34735117703513285,0.30836363870324607,0.41471863877857,0.4788970912277204,0.391850982753654,0.3351370043249973,0.43840968578884176,0.45468276480736974,0.31075077274155744,0.3042945268522484,0.4070711197162939,0.3183107679512816,0.18945049225539534,0.18271543517188493,0.07869256417976837,-0.0637601603970837,-0.319352552693821,-0.13356566116329785,-0.16648457672070552,-0.13776665410613786,0.1521926274057211,0.1902049748863295,0.07231947451741795,0.16164424730597002,0.294354084604516,0.2140712221600354,-0.011855916325743374,-0.014297325859894877,-0.10176026158905949,-0.2191197809616674,-0.46305430793746666,-0.6041605742152161,-0.6220954095022663,-0.5657389928521137,-0.6218860506398813,-0.6226683088031217,-0.5503877926179844,-0.5603841735943317,-0.5939657279348427,-0.5688612484947495,-0.5388902860709037
13,0.02669721865629832,0.16316445877002522,0.23886050891005858,0.3059685961491165,0.3487674000882522,0.4798664328223411,0.5639716811840865,0.5597044517909852,0.6257082515807966,0.8050850558561196,0.8437672497016393,0.7647497366073044,0.8684636558548647,1.0000000000019713,0.8630547306926292,0.7247389597462823,0.6055853659271936,0.31899234333481313,0.39642149876902294,0.19200687119951956,0.23293494152782093,0.28028405289845687,0.12077708197485859,-0.16559463187717022,-0.15376593355459153,-0.01648252058768643,0.1387764959740379,0.2063881705190822,0.10697965689791027,0.19691619760067303,0.2927789133000682,0.2860391396154069,0.2691996339552252,0.2769508565866912,0.19473709433717495,0.15276968438108157,0.196386035935093,0.2570994063654373,0.12142053985813138,0.14804098545330474,-0.07616961266764699,-0.01732153859518386,-0.07504433400978971,0.008994466269775552,-0.06700509872134792,-0.0065818196904826026,-0.0524980927948754,-0.07917108111942663,-0.16353666539498682,-0.11594376244508194,-0.11163667663036624,0.008477126583415673,-0.006107989456837127,0.0653649073240412,0.1596156451175195,0.235852329209352,0.11029646479506659,0.11653397097285088,0.050977020698124674,0.056371358998466715,0.04287331403304961,0.15925044982295045,0.20427932650724034,0.13402179685483298,0.08141467545481004,-0.18557005957315945,-0.22529563044241044,-0.2183540059237451,-0.15973105170575583,-0.12103147512163605,-0.015413621595710697,0.07455477014540293,0.00269363132171719,-0.033205467803494294,-0.09441449814376127,-0.11413153306785197,-0.15333375387719447,-0.17451619515937256,-0.22130886753570034,-0.19612103766000477,-0.1743397499717142,-0.06910231486453575,0.05646207943532935,0.033426715890596204,0.04227086862669041,0.0006234670948825271,0.118002690609948,0.2814290781450755,0.2284743634248175,0.18328308044171,0.26015722130057334,0.313027879408598,0.23270124713406057,0.1750414734630472,0.25848689871157604,0.2812610198701945,0.15046038216239976,0.15018016104985193,0.25584729586268046,0.16331921137345298,0.06534470763474783,0.08668789965272233,-0.035913273697856934,-0.12546201819916483,-0.23253105652909162,-0.07766794222276384,-0.0762830604971372,-0.051232262608920776,0.19983635570242342,0.20787000143354206,0.1081484985963461,0.20347227343668076,0.2987611847153606,0.19898224152818794,0.0187234377254309,0.0462247343540841,-0.03121257512783157,-0.1598378286597088,-0.3112482468138058,-0.44593336081340923,-0.43939872436406346,-0.3691518751504579,-0.43247075351684344,-0.4395577265437373,-0.3611032527221574,-0.37279297257825256,-0.4137823544346457,-0.39200800610443665,-0.37444482905905224
14,-0.09966892306697658,-0.005149084388102018,0.020259173971971536,0.0756952363261053,0.11280206067202271,0.20817597853397068,0.3041078681400235,0.34262615157521364,0.39959601371467357,0.5462979887231227,0.7020691663574485,0.7260551299586229,0.7190175425764721,0.8630547306926292,0.9999999999980432,0.8371724257714266,0.6979878816794907,0.3570165197810743,0.3898121438779321,0.1997648048967578,0.2547520311555692,0.2658091116213153,0.0977552432395541,-0.15438700812857375,-0.10873950582030247,-0.03103221576029895,0.019746565423841966,0.11422113004809163,0.0772253967577654,0.06861748670657569,0.11449337356477339,0.16301131724011586,0.15321871315782268,0.16266297239094296,0.13261845358904345,0.06528460897555977,0.08472830528632336,0.09271521271677012,-0.003541417484939153,0.021486867301227956,-0.10799701523529834,-0.02665684824035998,-0.02976670705124424,0.07009169576208965,0.05095948949451358,0.11047465239412094,0.06943348712318495,0.04653255705055113,-0.03775845023787921,0.01862112097056442,0.01839974141836371,0.09747926296097607,0.05266282016377328,0.06827701526469963,0.11292334297945397,0.18057122317268456,0.11463196785731052,0.12413379519569326,0.12086848751425076,0.13735586807689465,0.1275716799111961,0.20777117122299507,0.21459207516442902,0.14216403918641768,0.11947626492622414,-0.11324350082598647,-0.12625423525475996,-0.11757395893725438,-0.024836574903351952,0.001098887154114561,0.09284418472496249,0.17521584889339917,0.1263746385905302,0.10020732684331031,0.030644198339759506,-0.018843978212226324,-0.06064102336206361,-0.07506195192092896,-0.12287247753710108,-0.13049893382406996,-0.16786214238325362,-0.12696503662224004,-0.0272420641870514,-0.06015610380729088,-0.0779635208179514,-0.06404498862839997,0.048101804172437555,0.15723201459961658,0.10524447660759431,0.12928501630465997,0.21372010946303766,0.231341265067357,0.1737691934295292,0.18010104290330248,0.23779607542458805,0.22360120360021607,0.1460204030745297,0.1797307606581183,0.2500573736979356,0.1487358407389929,0.10435404273461747,0.14569934079491093,-0.09138555274483787,-0.11735656022335468,-0.2680566983765754,-0.1042910840753928,-0.0713120794298271,-0.08445815590224146,0.1133280948863014,0.10631077115669756,0.008867510650167642,0.10231118909220863,0.17928840892489656,0.10654500378204045,-0.04039679694664051,-0.01658597992470525,-0.04725357140813011,-0.15001874829650175,-0.34555875724534557,-0.3551786565483054,-0.38806207878816373,-0.34333126819012727,-0.3424302356416025,-0.3522478802775183,-0.3328804740113698,-0.33051655970975824,-0.3412474882339873,-0.3352784020002322,-0.3328604183423597
